403,312
443,242
223,332
403,312,312
003,202,422
112,132,222,243
022,202,422,444
112,312,132,332,423
223,312,132,242,332,422
202,112,422,132,332,043
403,222,132
003,222,242
022,112,312,443
023,042,112,202,242,422
113,132,242,402,422
443,332,242
423,222,112,132,022
422,222,112,132,023,202,242
203,402,112,022,132,422,332
113,132,242,312,332,422,442
333,402,312,222,132,042
002,023,042,222,312,332
002,112,222,332,442,312,043
112,222,332,202,312,422,043
002,112,332,312,043,242
403,202,312,422,222,132
443,002,112,022,202
002,042,202,242,312,332,423
423,222,002,112,132,042
043,112,202,312,332,402,422
222,132,312,422,443
003,022,112,132,202,222,312
022,112,132,202,223,242
002,022,043,112,132,422
043,112,132,312,332,402,442
043,002,112,132,312,332,422
003,022,132,202,222,312
043,022,112,332,402,422
403,202,112,022,222,332,442
003,022,132,202,222,312,442